1782540   44   1
1761527   37   2
1705117   44   1
1708258   32   1
1991581   51   3
1849622   35   1
1708046   44   2
1700759   44   3
1762195   31   2
1703208   51   1
1705102   31   1
1992593   44   3
1782745   44   1
1774744   15   3
1704518   22   2
1782546   44   1
1709192   31   2
1705601   31   1
1788050   44   1
1767465   43   2
1781862   44   1
1709008   11   2
1782529   44   1
1988911   54   1
1737672   44   3
1787006   36   1
1736349   44   3
1767612   44   2
1769728   63   2
1788863   44   1
1700659   37   3
1767617   44   2
1782729   44   1
1709272   42   2
1782704   44   1
1709576   34   2
1767923   36   2
1708066   44   2
1781943   44   1
1709419   44   2
1708880   44   2
1782717   44   1
1734287   44   3
1707772   31   2
1709029   44   2
1782579   44   1
1782727   44   1
1763879   41   2
1767506   44   2
1709592   35   1
1785676   34   1
1708956   64   1
1737678   44   3
1769099   65   2
1788623   52   1
1767686   44   2
1781948   44   1
1701784   44   3
1709677   43   2
1782535   44   1
1707420   33   2
1788066   44   1
1707006   11   2
1992857   44   3
1784140   44   1
1707482   44   2
1709083   11   1
1849862   44   1
1781833   44   1
1700761   44   3
1769723   63   2
1781572   33   1
1782772   44   1
1767618   44   2
1708068   44   2
1709738   44   2
1784180   44   1
1701730   44   1
1702565   34   3
1767716   45   2
1709719   44   2
1707931   62   2
1700362   44   3
1982362   50   1
1778840   46   3
1782594   44   1
1782778   44   1
1781595   33   1
1782787   44   1
1708673   44   2
1708988   44   2
1705113   44   1
1783396   44   1
1767471   43   2
1709207   44   2
1784166   44   1
1705833   44   1
1709748   44   2
1784198   44   1
1709767   44   2
1707053   32   2
1782598   44   1
1707660   44   2
1781946   44   1
1774349   22   3
1706310   44   1
1992597   44   3
1780511   32   1
1733612   44   3
1709700   45   1
1782746   44   1
1705011   44   1
1709717   44   2
1700056   12   3
1788059   44   1
1782518   44   1
1767927   36   2
1709766   44   2
1709711   44   2
1708028   44   2
1782539   44   1
1706309   44   1
1767464   43   2
1709973   44   2
1706451   44   1
1782567   44   1
1709733   44   1
1709720   44   1
1787788   45   1
1781480   41   1
1709981   44   2
1782728   44   1
1707089   44   2
1706156   35   1
1982798   51   1
1709190   31   2
1715031   44   2
1781659   33   1
1662003   44   2
1707320   13   1
1708034   44   2
1708095   44   1
1705036   44   1
1788071   44   1
1707084   44   2
1753522   14   2
1784199   44   1
1769736   63   2
1709761   44   2
1767653   44   2
1700268   44   3
1709752   44   2
1708025   44   2
1705762   42   1
1708093   44   2
1707036   44   2
1782718   44   1
1767712   45   2
1782569   44   1
1709995   44   2
1783393   44   1
1781926   44   1
1708977   44   1
1700760   44   3
1705955   50   1
1769727   63   2
1782777   44   1
1660760   44   2
1782769   44   1
1787759   45   1
1709880   44   2
1763361   41   2
1767096   43   2
1786830   61   1
1858966   46   2
1781533   50   1
1700782   44   3
1708007   11   2
1701727   44   3
1706068   11   1
1787367   43   1
1783399   44   1
1781532   50   1
1750620   44   2
1718528   32   2
1782798   44   1
1788056   44   1
1709009   11   2
1781879   44   1
1709274   42   2
1707664   44   2
1782528   44   1
1708689   44   1
1781573   33   1
1782577   44   1
1782596   44   1
1715030   44   2
1705504   44   1
1782785   44   1
1781822   44   1
1763080   41   2
1781896   44   1
1705318   44   1
1737813   43   3
1709892   44   2
1709193   31   2
1782538   44   1
1774967   43   3
1707086   44   2
1992815   44   3
1706857   32   1
1781941   44   1
1705534   44   1
1701664   32   3
1707082   44   2
1781816   44   1
1705731   44   1
1709203   44   1
1707665   44   2
1705605   44   1
1708894   44   2
1782784   44   1
1781944   44   1
1781938   44   1
1709758   44   2
1786787   33   1
1784183   44   1
1709755   44   1
1757607   44   2
1992861   44   3
1782782   44   1
1781924   44   1
1782536   44   1